600

Time	T° 600	A1	A2	A3	A4	A5	A6	A7	A8	A9	A10	A11	A12
0:29:10	28.0	0.1111	0.1153	0.1104	0.1090	0.1102	0.1109	0.1110	0.1112	0.1114	0.1126	0.1105	0.1096
0:59:10	28.1	0.1138	0.1144	0.1116	0.1107	0.1115	0.1126	0.1130	0.1132	0.1134	0.1135	0.1134	0.1119
1:29:10	28.1	0.1172	0.1178	0.1164	0.1153	0.1160	0.1170	0.1170	0.1179	0.1181	0.1187	0.1170	0.1163
1:59:10	28.1	0.1228	0.1247	0.1219	0.1199	0.1219	0.1225	0.1231	0.1235	0.1235	0.1248	0.1238	0.1207
2:29:10	28.0	0.1318	0.1319	0.1306	0.1284	0.1299	0.1297	0.1296	0.1293	0.1295	0.1296	0.1287	0.1261
2:59:10	28.1	0.1370	0.1379	0.1353	0.1340	0.1353	0.1356	0.1364	0.1369	0.1369	0.1381	0.1373	0.1350
3:29:10	28.1	0.1439	0.1437	0.1425	0.1410	0.1421	0.1426	0.1429	0.1435	0.1437	0.1438	0.1423	0.1414
3:59:10	28.1	0.1539	0.1536	0.1525	0.1504	0.1521	0.1522	0.1526	0.1529	0.1533	0.1531	0.1516	0.1511
4:29:10	28.1	0.1710	0.1700	0.1683	0.1661	0.1679	0.1675	0.1678	0.1686	0.1684	0.1699	0.1682	0.1671
4:59:10	28.1	0.1913	0.1893	0.1891	0.1855	0.1883	0.1892	0.1884	0.1882	0.1889	0.1862	0.1836	0.1819
5:29:10	28.1	0.2343	0.2367	0.2321	0.2333	0.2424	0.2413	0.2358	0.2470	0.2358	0.2320	0.2549	0.2246
5:59:10	28.1	0.2651	0.2681	0.2603	0.2641	0.2722	0.2711	0.2669	0.2643	0.2636	0.2655	0.2839	0.2597
6:29:10	28.1	0.2968	0.2979	0.2903	0.2911	0.3011	0.2974	0.3034	0.2982	0.2967	0.2924	0.3016	0.2883
6:59:10	28.1	0.3270	0.3241	0.3130	0.3180	0.3269	0.3280	0.3277	0.3219	0.3222	0.3291	0.3262	0.3219
7:29:10	28.1	0.3599	0.3664	0.3617	0.3580	0.3661	0.3628	0.3631	0.3612	0.3601	0.3605	0.3552	0.3493
7:59:10	28.1	0.3963	0.4063	0.4058	0.4087	0.4167	0.4123	0.4064	0.4068	0.3997	0.3960	0.3822	0.3570
8:29:10	28.1	0.4286	0.4500	0.4470	0.4397	0.4399	0.4306	0.4296	0.4314	0.4276	0.4350	0.4285	0.4199
8:59:10	28.1	0.4410	0.4684	0.4447	0.4556	0.4726	0.4588	0.4520	0.4559	0.4487	0.4559	0.4430	0.4541
9:29:10	28.1	0.4642	0.4753	0.4636	0.4632	0.4778	0.4798	0.4715	0.4788	0.4743	0.4875	0.4828	0.5111
9:59:10	28.1	0.5205	0.5218	0.5004	0.4957	0.5166	0.5155	0.5085	0.5149	0.5189	0.5254	0.5171	0.5475
10:29:10	28.1	0.5578	0.5531	0.5369	0.5239	0.5449	0.5434	0.5341	0.5477	0.5509	0.5593	0.5617	0.5934
10:59:10	28.1	0.5854	0.5934	0.5780	0.5664	0.5800	0.5813	0.5790	0.5881	0.5834	0.5934	0.5901	0.6313
11:29:10	28.1	0.6325	0.6253	0.6133	0.6188	0.6280	0.6278	0.6265	0.6302	0.6292	0.6399	0.6267	0.6601
11:59:10	28.1	0.6478	0.6483	0.6449	0.6485	0.6558	0.6584	0.6526	0.6568	0.6647	0.6686	0.6553	0.6831
12:29:10	28.1	0.6919	0.6963	0.6923	0.6984	0.7075	0.7051	0.7035	0.7104	0.7184	0.7256	0.7228	0.7082
12:59:10	28.1	0.7211	0.7130	0.7126	0.7197	0.7262	0.7218	0.7158	0.7328	0.7498	0.7557	0.7592	0.7256
13:29:10	28.1	0.7583	0.7393	0.7396	0.7451	0.7531	0.7505	0.7452	0.7673	0.7878	0.7913	0.7899	0.7428
13:59:10	28.1	0.7847	0.7655	0.7611	0.7668	0.7702	0.7721	0.7661	0.7916	0.8149	0.8232	0.8184	0.7561
14:29:10	28.1	0.8278	0.8055	0.8081	0.8014	0.8046	0.8099	0.7996	0.8280	0.8511	0.8521	0.8446	0.7864
14:59:10	28.1	0.8651	0.8380	0.8463	0.8440	0.8492	0.8656	0.8582	0.8839	0.8989	0.8959	0.8839	0.8206
15:29:10	28.1	0.8939	0.8575	0.8560	0.8526	0.8685	0.8869	0.8783	0.9119	0.9234	0.9216	0.9039	0.8369
15:59:10	28.1	0.9144	0.8763	0.8803	0.8778	0.8828	0.9009	0.8876	0.9198	0.9321	0.9289	0.9177	0.8520
16:29:10	28.1	0.9489	0.9070	0.9020	0.9147	0.9116	0.9279	0.9191	0.9464	0.9615	0.9617	0.9531	0.8693
16:59:10	28.1	0.9736	0.9321	0.9242	0.9406	0.9407	0.9538	0.9492	0.9680	0.9813	0.9829	0.9749	0.8861
17:29:10	28.1	1.0153	0.9597	0.9551	0.9591	0.9701	0.9848	0.9809	1.0015	1.0118	1.0131	1.0082	0.9078
17:59:10	28.1	1.0430	0.9846	0.9800	0.9845	0.9934	1.0081	1.0032	1.0245	1.0345	1.0335	1.0326	0.9319
18:29:10	28.1	1.0783	1.0055	1.0127	1.0008	1.0186	1.0330	1.0321	1.0503	1.0607	1.0613	1.0669	0.9592
18:59:10	28.1	1.1234	1.0429	1.0472	1.0403	1.0458	1.0678	1.0628	1.0842	1.0981	1.0978	1.1038	0.9774
19:29:10	28.1	1.1441	1.0691	1.0723	1.0664	1.0691	1.0919	1.0886	1.1079	1.1229	1.1182	1.1271	0.9997
19:59:10	28.1	1.1900	1.1075	1.1020	1.0966	1.1041	1.1242	1.1245	1.1396	1.1573	1.1592	1.1652	1.0174
20:29:10	28.1	1.2062	1.1411	1.1287	1.1223	1.1316	1.1546	1.1505	1.1685	1.1863	1.1879	1.1951	1.0532
20:59:10	28.1	1.2179	1.1697	1.1506	1.1511	1.1550	1.1758	1.1694	1.1942	1.2107	1.2086	1.2230	1.0824
21:29:10	28.1	1.2385	1.2049	1.1753	1.1799	1.1823	1.2007	1.1968	1.2190	1.2340	1.2330	1.2467	1.1074
21:59:10	28.1	1.2557	1.2201	1.1978	1.2078	1.2010	1.2199	1.2211	1.2362	1.2538	1.2539	1.2669	1.1369
22:29:10	28.1	1.2895	1.2725	1.2307	1.2427	1.2375	1.2517	1.2518	1.2644	1.2791	1.2805	1.2969	1.1777
22:59:10	28.1	1.3015	1.2929	1.2516	1.2649	1.2617	1.2766	1.2749	1.2848	1.3029	1.3045	1.3213	1.2074
23:29:10	28.1	1.3170	1.3063	1.2727	1.2961	1.2864	1.2954	1.2987	1.3043	1.3271	1.3291	1.3424	1.2413
23:59:10	28.1	1.3437	1.3360	1.3004	1.3214	1.3087	1.3207	1.3225	1.3304	1.3589	1.3577	1.3722	1.2792
24:29:10	28.2	1.3559	1.3483	1.3246	1.3471	1.3350	1.3464	1.3515	1.3580	1.3851	1.3843	1.4034	1.3080
24:59:10	28.2	1.3783	1.3769	1.3500	1.3701	1.3581	1.3713	1.3758	1.3827	1.4115	1.4096	1.4289	1.3362
25:29:10	28.2	1.3940	1.3907	1.3701	1.3931	1.3901	1.4029	1.4082	1.4130	1.4345	1.4347	1.4386	1.3449
25:59:10	28.2	1.4133	1.4189	1.4015	1.4214	1.4125	1.4244	1.4291	1.4344	1.4560	1.4574	1.4616	1.3867
26:29:10	28.2	1.4292	1.4198	1.4012	1.4210	1.4176	1.4434	1.4451	1.4555	1.4605	1.4595	1.4695	1.4016
26:59:10	28.2	1.4537	1.4346	1.4211	1.4437	1.4385	1.4605	1.4612	1.4709	1.4795	1.4786	1.4876	1.4352
27:29:10	28.2	1.4745	1.4528	1.4444	1.4667	1.4583	1.4741	1.4756	1.4836	1.4909	1.4888	1.4971	1.4583
27:59:10	28.1	1.4923	1.4653	1.4493	1.4738	1.4709	1.4964	1.4983	1.4986	1.5018	1.5063	1.5108	1.4813
28:29:10	28.1	1.5109	1.4844	1.4722	1.4954	1.4872	1.5139	1.5179	1.5217	1.5230	1.5227	1.5264	1.4950
28:59:10	28.1	1.5248	1.4951	1.4829	1.5056	1.4974	1.5220	1.5284	1.5268	1.5313	1.5335	1.5399	1.5145
29:29:10	28.1	1.5423	1.5092	1.5005	1.5200	1.5154	1.5407	1.5417	1.5422	1.5416	1.5481	1.5553	1.5522
29:59:10	28.1	1.5545	1.5213	1.5130	1.5323	1.5251	1.5494	1.5552	1.5526	1.5545	1.5572	1.5617	1.5797
30:29:10	28.1	1.5747	1.5369	1.5329	1.5529	1.5425	1.5659	1.5698	1.5704	1.5752	1.5664	1.5801	1.6050
30:59:10	28.1	1.5783	1.5457	1.5395	1.5584	1.5495	1.5711	1.5778	1.5762	1.5829	1.5818	1.5812	1.6282
31:29:10	28.1	1.5773	1.5680	1.5633	1.5812	1.5715	1.5934	1.5954	1.6082	1.5841	1.5773	1.5926	1.6472
31:59:10	28.1	1.5833	1.5745	1.5693	1.5885	1.5791	1.5969	1.5752	1.5777	1.5818	1.5897	1.6005	1.6574
32:29:10	28.1	1.6011	1.5892	1.5863	1.5904	1.6015	1.5946	1.5728	1.5814	1.5888	1.6050	1.6188	1.6737
32:59:10	28.1	1.6219	1.5815	1.5810	1.5817	1.5856	1.5900	1.5798	1.5816	1.6032	1.6304	1.6467	1.6924
33:29:10	28.1	1.6314	1.5850	1.5762	1.5889	1.5839	1.5919	1.5937	1.5927	1.6163	1.6422	1.6557	1.7092
33:59:10	28.1	1.6440	1.5874	1.5845	1.5990	1.5902	1.6028	1.6151	1.6194	1.6310	1.6527	1.6669	1.7199
34:29:10	28.1	1.6615	1.6077	1.5965	1.6147	1.5979	1.6183	1.6338	1.6365	1.6474	1.6685	1.6818	1.7364
34:59:10	28.1	1.6727	1.6258	1.6156	1.6307	1.6124	1.6318	1.6457	1.6471	1.6591	1.6784	1.6920	1.7454
35:29:10	28.1	1.6906	1.6400	1.6373	1.6436	1.6336	1.6516	1.6619	1.6658	1.6778	1.6949	1.7119	1.7572
35:59:10	28.1	1.7051	1.6545	1.6495	1.6630	1.6494	1.6668	1.6754	1.6812	1.6906	1.7099	1.7255	1.7591
36:29:10	28.1	1.7212	1.6682	1.6619	1.6759	1.6618	1.6778	1.6843	1.7057	1.7065	1.7184	1.7361	1.7574
36:59:10	28.1	1.7422	1.6791	1.6703	1.6820	1.6723	1.6991	1.7008	1.7018	1.7182	1.7250	1.7420	1.7545
37:29:10	28.1	1.7520	1.7025	1.6946	1.7004	1.7025	1.7062	1.7192	1.7244	1.7292	1.7352	1.7523	1.7623
37:59:10	28.1	1.7569	1.7012	1.6913	1.7103	1.6979	1.7214	1.7291	1.7302	1.7316	1.7387	1.7534	1.7655
38:29:10	28.1	1.7633	1.7198	1.7074	1.7234	1.7122	1.7252	1.7316	1.7314	1.7302	1.7366	1.7486	1.7631
38:59:10	28.1	1.7720	1.7282	1.7163	1.7264	1.7200	1.7287	1.7360	1.7338	1.7307	1.7339	1.7471	1.7693
39:29:10	28.1	1.7710	1.7333	1.7206	1.7287	1.7223	1.7270	1.7329	1.7281	1.7228	1.7272	1.7390	1.7687
39:59:10	28.1	1.7724	1.7357	1.7246	1.7299	1.7228	1.7264	1.7286	1.7247	1.7190	1.7212	1.7342	1.7697
40:29:10	28.1	1.7790	1.7392	1.7295	1.7320	1.7263	1.7293	1.7264	1.7242	1.7176	1.7207	1.7361	1.7800
40:59:10	28.1	1.7752	1.7360	1.7244	1.7259	1.7195	1.7200	1.7151	1.7134	1.7060	1.7137	1.7309	1.7758
41:29:10	28.1	1.7747	1.7354	1.7240	1.7244	1.7182	1.7174	1.7096	1.7082	1.7048	1.7123	1.7331	1.7822
41:59:10	28.1	1.7722	1.7348	1.7220	1.7229	1.7168	1.7127	1.7044	1.7061	1.7042	1.7156	1.7387	1.7863
42:29:10	28.1	1.7671	1.7269	1.7143	1.7150	1.7096	1.7047	1.6973	1.7004	1.7015	1.7152	1.7374	1.7887
42:59:10	28.1	1.7689	1.7252	1.7129	1.7127	1.7064	1.7049	1.6994	1.7044	1.7077	1.7205	1.7475	1.8005
43:29:10	28.1	1.7657	1.7142	1.7006	1.7039	1.6981	1.6982	1.6949	1.6984	1.7033	1.7177	1.7439	1.8000
43:59:10	28.1	1.7694	1.7116	1.6986	1.7039	1.6985	1.7027	1.6993	1.7042	1.7063	1.7226	1.7491	1.8060
44:29:10	28.1	1.7705	1.7063	1.6932	1.7001	1.6941	1.6995	1.6969	1.7011	1.7062	1.7211	1.7483	1.8062
44:59:10	28.1	1.7709	1.7039	1.6898	1.6995	1.6924	1.6991	1.6969	1.7008	1.7082	1.7237	1.7519	1.8087
45:29:10	28.1	1.7751	1.7066	1.6912	1.6998	1.6939	1.7013	1.6969	1.7018	1.7087	1.7247	1.7542	1.8130
45:59:10	28.1	1.7760	1.7040	1.6887	1.6998	1.6926	1.7002	1.6962	1.7014	1.7097	1.7263	1.7566	1.8150
46:29:10	28.1	1.7784	1.7026	1.6862	1.6988	1.6901	1.6979	1.6939	1.6986	1.7076	1.7253	1.7572	1.8156
46:59:10	28.2	1.7793	1.7043	1.6854	1.6999	1.6906	1.6976	1.6934	1.6978	1.7043	1.7229	1.7543	1.8129
47:29:10	28.2	1.7839	1.7042	1.6848	1.7002	1.6913	1.7008	1.6978	1.7013	1.7088	1.7285	1.7609	1.8188
47:59:10	28.3	1.7895	1.7099	1.6886	1.7058	1.6945	1.7031	1.6995	1.7052	1.7143	1.7359	1.7674	1.8263
48:29:10	28.3	1.7884	1.7085	1.6878	1.7054	1.6949	1.7040	1.6984	1.7062	1.7151	1.7369	1.7679	1.8250
48:59:10	28.4	1.7933	1.7127	1.6906	1.7078	1.6970	1.7062	1.7009	1.7091	1.7199	1.7414	1.7738	1.8291
49:29:10	28.4	1.8010	1.7220	1.6995	1.7170	1.7049	1.7156	1.7100	1.7179	1.7311	1.7544	1.7857	1.8400
49:59:10	28.4	1.8042	1.7251	1.7029	1.7211	1.7069	1.7186	1.7139	1.7211	1.7327	1.7567	1.7898	1.8409
50:29:10	28.4	1.8098	1.7268	1.7051	1.7232	1.7097	1.7217	1.7177	1.7248	1.7370	1.7603	1.7934	1.8425
50:59:10	28.3	1.8101	1.7243	1.7038	1.7222	1.7070	1.7185	1.7133	1.7229	1.7336	1.7592	1.7909	1.8434
51:29:10	28.3	1.8134	1.7293	1.7072	1.7269	1.7107	1.7228	1.7190	1.7269	1.7393	1.7646	1.7970	1.8484
51:59:10	28.3	1.8176	1.7333	1.7104	1.7308	1.7136	1.7254	1.7221	1.7295	1.7418	1.7675	1.7994	1.8516
52:29:10	28.3	1.8154	1.7338	1.7129	1.7324	1.7156	1.7269	1.7231	1.7309	1.7442	1.7698	1.8026	1.8555
52:59:10	28.3	1.8199	1.7316	1.7103	1.7288	1.7120	1.7254	1.7227	1.7291	1.7414	1.7681	1.8006	1.8561
53:29:10	28.2	1.8266	1.7359	1.7159	1.7346	1.7184	1.7310	1.7272	1.7335	1.7443	1.7715	1.8038	1.8570
53:59:10	28.2	1.8318	1.7364	1.7167	1.7351	1.7179	1.7323	1.7292	1.7341	1.7471	1.7716	1.8063	1.8588
54:29:10	28.2	1.8308	1.7357	1.7175	1.7333	1.7158	1.7287	1.7260	1.7324	1.7444	1.7712	1.8040	1.8546
54:59:10	28.2	1.8379	1.7429	1.7260	1.7439	1.7254	1.7394	1.7366	1.7429	1.7570	1.7831	1.8169	1.8588
55:29:10	28.2	1.8374	1.7392	1.7201	1.7364	1.7200	1.7340	1.7323	1.7387	1.7496	1.7790	1.8120	1.8506
55:59:10	28.2	1.8423	1.7438	1.7246	1.7404	1.7249	1.7400	1.7389	1.7430	1.7560	1.7830	1.8172	1.8470
56:29:10	28.2	1.8447	1.7480	1.7291	1.7440	1.7296	1.7452	1.7445	1.7469	1.7601	1.7885	1.8204	1.8404
56:59:10	28.2	1.8487	1.7560	1.7372	1.7535	1.7371	1.7516	1.7510	1.7527	1.7682	1.7956	1.8279	1.8298
57:29:10	28.2	1.8471	1.7539	1.7344	1.7511	1.7337	1.7478	1.7480	1.7517	1.7655	1.7940	1.8243	1.8159
57:59:10	28.2	1.8529	1.7551	1.7353	1.7501	1.7322	1.7495	1.7481	1.7510	1.7659	1.7958	1.8266	1.7984
58:29:10	28.2	1.8547	1.7610	1.7421	1.7578	1.7417	1.7595	1.7582	1.7602	1.7761	1.8037	1.8337	1.7915
58:59:10	28.2	1.8642	1.7725	1.7539	1.7708	1.7515	1.7712	1.7682	1.7712	1.7890	1.8151	1.8412	1.7732
59:29:10	28.2	1.8651	1.7766	1.7579	1.7755	1.7531	1.7722	1.7717	1.7752	1.7925	1.8202	1.8466	1.7442
59:59:10	28.2	1.8685	1.7782	1.7571	1.7754	1.7544	1.7718	1.7721	1.7764	1.7918	1.8200	1.8461	1.7133
60:29:10	28.2	1.8639	1.7706	1.7470	1.7639	1.7424	1.7621	1.7622	1.7672	1.7804	1.8108	1.8392	1.6734
60:59:10	28.2	1.8624	1.7773	1.7601	1.7765	1.7538	1.7737	1.7741	1.7790	1.7968	1.8232	1.8496	1.6141
61:29:10	28.2	1.8593	1.7747	1.7544	1.7695	1.7442	1.7637	1.7637	1.7680	1.7840	1.8140	1.8429	1.5746
61:59:10	28.2	1.8548	1.7708	1.7494	1.7638	1.7392	1.7603	1.7606	1.7647	1.7802	1.8103	1.8411	1.4860
62:29:10	28.2	1.8575	1.7768	1.7540	1.7692	1.7450	1.7640	1.7656	1.7688	1.7833	1.8140	1.8454	1.4027
62:59:10	28.2	1.8514	1.7767	1.7545	1.7688	1.7450	1.7626	1.7654	1.7694	1.7849	1.8147	1.8451	1.2355
63:29:10	28.2	1.8584	1.7848	1.7625	1.7799	1.7527	1.7714	1.7759	1.7786	1.7954	1.8220	1.8524	1.0941
63:59:10	28.2	1.8595	1.7934	1.7728	1.7912	1.7671	1.7889	1.7915	1.7918	1.8081	1.8353	1.8651	1.0236
64:29:10	28.2	1.8561	1.8015	1.7780	1.7924	1.7706	1.7913	1.7951	1.7955	1.8122	1.8388	1.8708	1.0181
64:59:10	28.2	1.8545	1.8066	1.7852	1.8000	1.7746	1.7954	1.7970	1.7964	1.8163	1.8410	1.8702	1.0061
65:29:10	28.2	1.8475	1.8056	1.7806	1.7964	1.7666	1.7878	1.7904	1.7896	1.8081	1.8343	1.8600	0.9982
65:59:10	28.2	1.8433	1.8099	1.7911	1.8056	1.7772	1.7993	1.8027	1.8041	1.8202	1.8438	1.8671	0.9895
66:29:10	28.2	1.8298	1.8109	1.7933	1.8164	1.7813	1.8023	1.8050	1.8068	1.8237	1.8440	1.8655	0.9832
66:59:10	28.2	1.8311	1.8165	1.7986	1.8167	1.7832	1.8008	1.8047	1.8042	1.8246	1.8466	1.8613	0.9728
67:29:10	28.2	1.8199	1.8103	1.7975	1.8044	1.7816	1.7983	1.8024	1.8039	1.8246	1.8470	1.8614	0.9680
67:59:10	28.1	1.7986	1.8136	1.7995	1.8100	1.7904	1.8094	1.8115	1.8134	1.8290	1.8471	1.8638	0.9566
68:29:10	28.1	1.7864	1.8143	1.8001	1.8083	1.7882	1.8064	1.8078	1.8103	1.8262	1.8445	1.8539	0.9490
68:59:10	28.1	1.7483	1.8201	1.8046	1.8178	1.7960	1.8168	1.8182	1.8201	1.8369	1.8484	1.8589	0.9397
69:29:10	28.1	1.7055	1.8202	1.8030	1.8125	1.7939	1.8164	1.8167	1.8178	1.8352	1.8469	1.8508	0.9322
69:59:10	28.1	1.6409	1.8269	1.8137	1.8254	1.8024	1.8239	1.8233	1.8262	1.8438	1.8551	1.8531	0.9237
70:29:10	28.2	1.5878	1.8361	1.8174	1.8235	1.8045	1.8283	1.8285	1.8263	1.8443	1.8568	1.8475	0.9115
70:59:10	28.2	1.5209	1.8354	1.8179	1.8270	1.8090	1.8286	1.8314	1.8330	1.8525	1.8594	1.8477	0.9022
71:29:10	28.2	1.4215	1.8300	1.8155	1.8191	1.8080	1.8223	1.8314	1.8296	1.8414	1.8481	1.8357	0.8945
71:59:10	28.3	1.3277	1.8370	1.8221	1.8293	1.8117	1.8282	1.8364	1.8332	1.8499	1.8516	1.8334	0.8828
72:29:10	28.5	1.2467	1.8354	1.8255	1.8297	1.8161	1.8328	1.8414	1.8369	1.8540	1.8519	1.8305	0.8737
72:59:10	28.7	1.1399	1.8290	1.8240	1.8281	1.8138	1.8279	1.8376	1.8350	1.8519	1.8465	1.8161	0.8662
73:29:10	28.9	1.0536	1.8422	1.8316	1.8382	1.8249	1.8392	1.8489	1.8470	1.8628	1.8470	1.8110	0.8527
73:59:10	28.8	1.0151	1.8352	1.8332	1.8304	1.8215	1.8350	1.8457	1.8421	1.8562	1.8432	1.8017	0.8430
74:29:10	28.4	0.9909	1.8491	1.8447	1.8440	1.8385	1.8488	1.8575	1.8555	1.8664	1.8515	1.7997	0.8325
74:59:10	28.2	0.9745	1.8588	1.8464	1.8522	1.8465	1.8563	1.8643	1.8640	1.8696	1.8486	1.7808	0.8225
75:29:10	28.2	0.9677	1.8605	1.8506	1.8536	1.8479	1.8546	1.8643	1.8610	1.8590	1.8371	1.7637	0.8093

